36.0 190.0 1
0.0 204.0 1
30.0 206.0 1
32.0 216.0 1
14.0 192.0 1
20.0 216.0 1
10.0 214.0 1
4.0 220.0 1
26.0 206.0 1
22.0 232.0 1
22.0 220.0 1
0.0 232.0 1
2.0 230.0 1
16.0 204.0 1
18.0 196.0 1
-8.0 210.0 1
38.0 234.0 1
20.0 230.0 1
12.0 192.0 1
30.0 216.0 1
28.0 190.0 1
8.0 224.0 1
-8.0 236.0 1
-8.0 198.0 1
48.0 214.0 1
-8.0 232.0 1
12.0 180.0 1
16.0 192.0 1
4.0 198.0 1
36.0 222.0 1
40.0 194.0 1
34.0 236.0 1
28.0 206.0 1
-6.0 192.0 1
36.0 214.0 1
40.0 232.0 1
46.0 196.0 1
-10.0 230.0 1
42.0 236.0 1
22.0 234.0 1
-2.0 220.0 1
24.0 232.0 1
8.0 218.0 1
-4.0 186.0 1
34.0 180.0 1
30.0 204.0 1
48.0 218.0 1
20.0 180.0 1
10.0 190.0 1
38.0 218.0 1
26.0 214.0 1
14.0 206.0 1
4.0 224.0 1
46.0 208.0 1
34.0 226.0 1
50.0 196.0 1
6.0 186.0 1
20.0 182.0 1
18.0 182.0 1
8.0 220.0 1
8.0 182.0 1
24.0 238.0 1
26.0 210.0 1
2.0 208.0 1
20.0 214.0 1
32.0 240.0 1
36.0 212.0 1
-6.0 202.0 1
-4.0 220.0 1
40.0 184.0 1
26.0 196.0 1
32.0 192.0 1
-10.0 196.0 1
48.0 184.0 1
-2.0 218.0 1
38.0 200.0 1
26.0 224.0 1
20.0 228.0 1
28.0 236.0 1
36.0 192.0 1
10.0 234.0 1
20.0 188.0 1
0.0 234.0 1
22.0 208.0 1
-4.0 214.0 1
8.0 190.0 1
30.0 210.0 1
46.0 204.0 1
0.0 188.0 1
30.0 232.0 1
30.0 192.0 1
14.0 234.0 1
32.0 194.0 1
20.0 200.0 1
-4.0 234.0 1
48.0 210.0 1
26.0 220.0 1
-10.0 204.0 1
38.0 182.0 1
40.0 216.0 1
36.0 236.0 1
-10.0 218.0 1
6.0 196.0 1
-6.0 220.0 1
6.0 184.0 1
6.0 220.0 1
36.0 186.0 1
0.0 186.0 1
22.0 192.0 1
-2.0 206.0 1
0.0 206.0 1
-2.0 236.0 1
4.0 218.0 1
4.0 212.0 1
6.0 200.0 1
34.0 214.0 1
10.0 188.0 1
36.0 202.0 1
50.0 180.0 1
46.0 232.0 1
-2.0 202.0 1
22.0 180.0 1
-10.0 188.0 1
-4.0 202.0 1
22.0 214.0 1
32.0 238.0 1
34.0 220.0 1
38.0 202.0 1
24.0 198.0 1
20.0 236.0 1
-8.0 240.0 1
34.0 198.0 1
18.0 200.0 1
36.0 194.0 1
26.0 226.0 1
-4.0 208.0 1
12.0 228.0 1
-4.0 190.0 1
30.0 188.0 1
28.0 204.0 1
-6.0 222.0 1
24.0 222.0 1
6.0 226.0 1
44.0 180.0 1
4.0 186.0 1
36.0 210.0 1
2.0 188.0 1
4.0 226.0 1
18.0 230.0 1
8.0 180.0 1
44.0 196.0 1
42.0 222.0 1
14.0 184.0 1
-4.0 236.0 1
-8.0 204.0 1
42.0 180.0 1
-10.0 180.0 1
30.0 196.0 1
14.0 186.0 1
26.0 216.0 1
16.0 218.0 1
40.0 220.0 1
2.0 200.0 1
42.0 218.0 1
-8.0 200.0 1
-4.0 222.0 1
22.0 224.0 1
-6.0 210.0 1
12.0 224.0 1
40.0 212.0 1
-6.0 196.0 1
-2.0 200.0 1
26.0 236.0 1
32.0 202.0 1
34.0 210.0 1
30.0 180.0 1
50.0 200.0 1
8.0 236.0 1
6.0 238.0 1
40.0 196.0 1
-10.0 238.0 1
38.0 228.0 1
-10.0 226.0 1
30.0 234.0 1
-8.0 208.0 1
6.0 230.0 1
40.0 190.0 1
16.0 212.0 1
8.0 198.0 1
38.0 220.0 1
-6.0 226.0 1
-2.0 186.0 1
-8.0 194.0 1
-8.0 186.0 1
40.0 236.0 1
22.0 236.0 1
22.0 194.0 1
10.0 180.0 1
10.0 194.0 1
44.0 192.0 1
36.0 190.0 3
0.0 204.0 3
30.0 206.0 3
32.0 216.0 3
14.0 192.0 3
20.0 216.0 3
10.0 214.0 3
4.0 220.0 3
26.0 206.0 3
22.0 232.0 3
22.0 220.0 3
0.0 232.0 3
2.0 230.0 3
16.0 204.0 3
18.0 196.0 3
-8.0 210.0 3
38.0 234.0 3
20.0 230.0 3
12.0 192.0 3
30.0 216.0 3
28.0 190.0 3
8.0 224.0 3
-8.0 236.0 3
-8.0 198.0 3
48.0 214.0 3
-8.0 232.0 3
12.0 180.0 3
16.0 192.0 3
4.0 198.0 3
36.0 222.0 3
40.0 194.0 3
34.0 236.0 3
28.0 206.0 3
-6.0 192.0 3
36.0 214.0 3
40.0 232.0 3
46.0 196.0 3
-10.0 230.0 3
42.0 236.0 3
22.0 234.0 3
-2.0 220.0 3
24.0 232.0 3
8.0 218.0 3
-4.0 186.0 3
34.0 180.0 3
30.0 204.0 3
48.0 218.0 3
20.0 180.0 3
10.0 190.0 3
38.0 218.0 3
26.0 214.0 3
14.0 206.0 3
4.0 224.0 3
46.0 208.0 3
34.0 226.0 3
50.0 196.0 3
6.0 186.0 3
20.0 182.0 3
18.0 182.0 3
8.0 220.0 3
8.0 182.0 3
24.0 238.0 3
26.0 210.0 3
2.0 208.0 3
20.0 214.0 3
32.0 240.0 3
36.0 212.0 3
-6.0 202.0 3
-4.0 220.0 3
40.0 184.0 3
26.0 196.0 3
32.0 192.0 3
-10.0 196.0 3
48.0 184.0 3
-2.0 218.0 3
38.0 200.0 3
26.0 224.0 3
20.0 228.0 3
28.0 236.0 3
36.0 192.0 3
10.0 234.0 3
20.0 188.0 3
0.0 234.0 3
22.0 208.0 3
-4.0 214.0 3
8.0 190.0 3
30.0 210.0 3
46.0 204.0 3
0.0 188.0 3
30.0 232.0 3
30.0 192.0 3
14.0 234.0 3
32.0 194.0 3
20.0 200.0 3
-4.0 234.0 3
48.0 210.0 3
26.0 220.0 3
-10.0 204.0 3
38.0 182.0 3
40.0 216.0 3
36.0 236.0 3
-10.0 218.0 3
6.0 196.0 3
-6.0 220.0 3
6.0 184.0 3
6.0 220.0 3
36.0 186.0 3
0.0 186.0 3
22.0 192.0 3
-2.0 206.0 3
0.0 206.0 3
-2.0 236.0 3
4.0 218.0 3
4.0 212.0 3
6.0 200.0 3
34.0 214.0 3
10.0 188.0 3
36.0 202.0 3
50.0 180.0 3
46.0 232.0 3
-2.0 202.0 3
22.0 180.0 3
-10.0 188.0 3
-4.0 202.0 3
22.0 214.0 3
32.0 238.0 3
34.0 220.0 3
38.0 202.0 3
24.0 198.0 3
20.0 236.0 3
-8.0 240.0 3
34.0 198.0 3
18.0 200.0 3
36.0 194.0 3
26.0 226.0 3
-4.0 208.0 3
12.0 228.0 3
-4.0 190.0 3
30.0 188.0 3
28.0 204.0 3
-6.0 222.0 3
24.0 222.0 3
6.0 226.0 3
44.0 180.0 3
4.0 186.0 3
36.0 210.0 3
2.0 188.0 3
4.0 226.0 3
18.0 230.0 3
8.0 180.0 3
44.0 196.0 3
42.0 222.0 3
14.0 184.0 3
-4.0 236.0 3
-8.0 204.0 3
42.0 180.0 3
-10.0 180.0 3
30.0 196.0 3
14.0 186.0 3
26.0 216.0 3
16.0 218.0 3
40.0 220.0 3
2.0 200.0 3
42.0 218.0 3
-8.0 200.0 3
-4.0 222.0 3
22.0 224.0 3
-6.0 210.0 3
12.0 224.0 3
40.0 212.0 3
-6.0 196.0 3
-2.0 200.0 3
26.0 236.0 3
32.0 202.0 3
34.0 210.0 3
30.0 180.0 3
50.0 200.0 3
8.0 236.0 3
6.0 238.0 3
40.0 196.0 3
-10.0 238.0 3
38.0 228.0 3
-10.0 226.0 3
30.0 234.0 3
-8.0 208.0 3
6.0 230.0 3
40.0 190.0 3
16.0 212.0 3
8.0 198.0 3
38.0 220.0 3
-6.0 226.0 3
-2.0 186.0 3
-8.0 194.0 3
-8.0 186.0 3
40.0 236.0 3
22.0 236.0 3
22.0 194.0 3
10.0 180.0 3
10.0 194.0 3
44.0 192.0 3
36.0 190.0 6
0.0 204.0 6
30.0 206.0 6
32.0 216.0 6
14.0 192.0 6
20.0 216.0 6
10.0 214.0 6
4.0 220.0 6
26.0 206.0 6
22.0 232.0 6
22.0 220.0 6
0.0 232.0 6
2.0 230.0 6
16.0 204.0 6
18.0 196.0 6
-8.0 210.0 6
38.0 234.0 6
20.0 230.0 6
12.0 192.0 6
30.0 216.0 6
28.0 190.0 6
8.0 224.0 6
-8.0 236.0 6
-8.0 198.0 6
48.0 214.0 6
-8.0 232.0 6
12.0 180.0 6
16.0 192.0 6
4.0 198.0 6
36.0 222.0 6
40.0 194.0 6
34.0 236.0 6
28.0 206.0 6
-6.0 192.0 6
36.0 214.0 6
40.0 232.0 6
46.0 196.0 6
-10.0 230.0 6
42.0 236.0 6
22.0 234.0 6
-2.0 220.0 6
24.0 232.0 6
8.0 218.0 6
-4.0 186.0 6
34.0 180.0 6
30.0 204.0 6
48.0 218.0 6
20.0 180.0 6
10.0 190.0 6
38.0 218.0 6
26.0 214.0 6
14.0 206.0 6
4.0 224.0 6
46.0 208.0 6
34.0 226.0 6
50.0 196.0 6
6.0 186.0 6
20.0 182.0 6
18.0 182.0 6
8.0 220.0 6
8.0 182.0 6
24.0 238.0 6
26.0 210.0 6
2.0 208.0 6
20.0 214.0 6
32.0 240.0 6
36.0 212.0 6
-6.0 202.0 6
-4.0 220.0 6
40.0 184.0 6
26.0 196.0 6
32.0 192.0 6
-10.0 196.0 6
48.0 184.0 6
-2.0 218.0 6
38.0 200.0 6
26.0 224.0 6
20.0 228.0 6
28.0 236.0 6
36.0 192.0 6
10.0 234.0 6
20.0 188.0 6
0.0 234.0 6
22.0 208.0 6
-4.0 214.0 6
8.0 190.0 6
30.0 210.0 6
46.0 204.0 6
0.0 188.0 6
30.0 232.0 6
30.0 192.0 6
14.0 234.0 6
32.0 194.0 6
20.0 200.0 6
-4.0 234.0 6
48.0 210.0 6
26.0 220.0 6
-10.0 204.0 6
38.0 182.0 6
40.0 216.0 6
36.0 236.0 6
-10.0 218.0 6
6.0 196.0 6
-6.0 220.0 6
6.0 184.0 6
6.0 220.0 6
36.0 186.0 6
0.0 186.0 6
22.0 192.0 6
-2.0 206.0 6
0.0 206.0 6
-2.0 236.0 6
4.0 218.0 6
4.0 212.0 6
6.0 200.0 6
34.0 214.0 6
10.0 188.0 6
36.0 202.0 6
50.0 180.0 6
46.0 232.0 6
-2.0 202.0 6
22.0 180.0 6
-10.0 188.0 6
-4.0 202.0 6
22.0 214.0 6
32.0 238.0 6
34.0 220.0 6
38.0 202.0 6
24.0 198.0 6
20.0 236.0 6
-8.0 240.0 6
34.0 198.0 6
18.0 200.0 6
36.0 194.0 6
26.0 226.0 6
-4.0 208.0 6
12.0 228.0 6
-4.0 190.0 6
30.0 188.0 6
28.0 204.0 6
-6.0 222.0 6
24.0 222.0 6
6.0 226.0 6
44.0 180.0 6
4.0 186.0 6
36.0 210.0 6
2.0 188.0 6
4.0 226.0 6
18.0 230.0 6
8.0 180.0 6
44.0 196.0 6
42.0 222.0 6
14.0 184.0 6
-4.0 236.0 6
-8.0 204.0 6
42.0 180.0 6
-10.0 180.0 6
30.0 196.0 6
14.0 186.0 6
26.0 216.0 6
16.0 218.0 6
40.0 220.0 6
2.0 200.0 6
42.0 218.0 6
-8.0 200.0 6
-4.0 222.0 6
22.0 224.0 6
-6.0 210.0 6
12.0 224.0 6
40.0 212.0 6
-6.0 196.0 6
-2.0 200.0 6
26.0 236.0 6
32.0 202.0 6
34.0 210.0 6
30.0 180.0 6
50.0 200.0 6
8.0 236.0 6
6.0 238.0 6
40.0 196.0 6
-10.0 238.0 6
38.0 228.0 6
-10.0 226.0 6
30.0 234.0 6
-8.0 208.0 6
6.0 230.0 6
40.0 190.0 6
16.0 212.0 6
8.0 198.0 6
38.0 220.0 6
-6.0 226.0 6
-2.0 186.0 6
-8.0 194.0 6
-8.0 186.0 6
40.0 236.0 6
22.0 236.0 6
22.0 194.0 6
10.0 180.0 6
10.0 194.0 6
44.0 192.0 6
